g = 9.8
ny = 1
nx = 1
