g = 9.8;
l = 5;